14 0.69140625 0.5859375 0.1015625 0.28125
14 0.31640625 0.55859375 0.0703125 0.1953125
14 0.19921875 0.62109375 0.1171875 0.2578125
14 0.8046875 0.57421875 0.125 0.2890625
14 0.4765625 0.60546875 0.125 0.3046875
14 0.57421875 0.56640625 0.1015625 0.2265625
14 0.921875 0.62890625 0.140625 0.3359375
14 0.4140625 0.41796875 0.0625 0.0703125
14 0.41015625 0.5546875 0.0703125 0.203125
14 0.1796875 0.46484375 0.0625 0.1015625
14 0.50390625 0.4296875 0.0859375 0.078125
14 0.10546875 0.45703125 0.0703125 0.1171875
14 0.2421875 0.4921875 0.078125 0.171875